############## Non-singular situation #################
gamma_1 <- gamma_2 <- 0
gamma_3 <- -0.5
gamma_4 <- 0
gamma_5 <- 0.5
gamma_6 <- 0
gamma_7 <- 0.5
delta_1 <- delta_2 <- 0.5

n <- 1000
nb1 <- 400
nb2 <- 200


p <- 0.5

nsim <- 500

B1 <- 100
B2 <- 50

a1 <- 0.025
a2 <- 0.975